world: spawn
x: 0.450531552000891
y: 64.0
z: 0.42171310026931164
yaw: 269.44913
pitch: 3.0001402
