lastAccountName: hackeurs
timestamps:
  login: 1569658958496
  logout: 1569659152475
ipAddress: 94.107.123.250
lastlocation:
  world: spawn
  x: 0.4568496719552338
  y: 64.0
  z: 0.6386136325115567
  yaw: 270.35263
  pitch: -3.899833
geolocation: Belgium
logoutlocation:
  world: spawn
  x: -475.35871398362195
  y: 4.0
  z: -164.58349361622524
  yaw: 114.74976
  pitch: 4.3498244
