lastAccountName: vH_Whiiz
timestamps:
  login: 1570114358617
  logout: 1570114471497
ipAddress: 90.90.86.18
lastlocation:
  world: spawn
  x: 0.450531552000891
  y: 64.0
  z: 0.42171310026931164
  yaw: 275.29974
  pitch: 9.000001
geolocation: France
logoutlocation:
  world: spawn
  x: 1.6045450906957281
  y: 64.0
  z: -0.9091386096948282
  yaw: 10.050054
  pitch: 30.000013
