lastAccountName: Hapoleon_Ier
timestamps:
  login: 1570531438277
  logout: 1570531698049
ipAddress: 82.226.236.70
lastlocation:
  world: resource
  x: -160.4187233461289
  y: 73.0
  z: -227.01634474458754
  yaw: 115.800026
  pitch: 20.85009
geolocation: France
logoutlocation:
  world: spawn
  x: 12.830790284742513
  y: 51.9375
  z: -15.224529142599732
  yaw: 139.19957
  pitch: 21.30004
nickname: ยง6Hapoleon_Ier
