lastAccountName: Rainboow_
timestamps:
  login: 1571499516582
  logout: 1571499729501
ipAddress: 66.185.56.10
lastlocation:
  world: spawn
  x: 0.450531552000891
  y: 64.0
  z: 0.42171310026931164
  yaw: 275.29974
  pitch: 9.000001
geolocation: Canada
logoutlocation:
  world: spawn
  x: 67.84870048439976
  y: 61.0625
  z: 10.52444009292895
  yaw: -76.35077
  pitch: 7.3500066
