lastAccountName: Nakuros
timestamps:
  login: 1569076638321
  logout: 1569076647120
ipAddress: 176.128.154.103
lastlocation:
  world: spawn
  x: 192.0
  y: 66.0
  z: 240.0
  yaw: 0.0
  pitch: 0.0
geolocation: France
logoutlocation:
  world: spawn
  x: -12.230817277251184
  y: 61.5
  z: 2.912738391716097
  yaw: 41.698166
  pitch: 9.644475
