lastAccountName: Darkphoenix53
timestamps:
  login: 1569864428838
  logout: 1569864480379
ipAddress: 85.201.208.197
lastlocation:
  world: spawn
  x: 0.4568496719552338
  y: 64.0
  z: 0.6386136325115567
  yaw: 270.35263
  pitch: -3.899833
geolocation: Belgium
logoutlocation:
  world: spawn
  x: 32.69999998807907
  y: 55.0
  z: 11.6655295702284
  yaw: 280.05035
  pitch: -2.2500618
